53,5.0,20
251,4.869565217391305,23
515,4.846153846153846,26
25,4.8076923076923075,26
30,4.735294117647059,34
523,4.693333333333333,75
348,4.672727272727273,55
171,4.634146341463414,82
452,4.556930693069307,202
43,4.552631578947368,114
371,4.548780487804878,41
122,4.546232876712328,292
441,4.522222222222222,45
400,4.511627906976744,43
52,4.476923076923077,130
538,4.472972972972973,37
168,4.462765957446808,94
417,4.462686567164179,67
543,4.453947368421052,76
106,4.4393939393939394,33
319,4.428571428571429,35
601,4.425742574257426,101
413,4.410714285714286,56
475,4.409677419354839,155
188,4.395833333333333,48
12,4.390625,32
276,4.390243902439025,41
154,4.382352941176471,34
533,4.381578947368421,38
581,4.375,40
69,4.369565217391305,46
1,4.366379310344827,232
586,4.365384615384615,208
128,4.363636363636363,33
544,4.363636363636363,22
59,4.355140186915888,107
253,4.351063829787234,47
459,4.346153846153846,26
553,4.337349397590361,83
585,4.336065573770492,61
519,4.326923076923077,26
70,4.32258064516129,62
336,4.321428571428571,56
435,4.321428571428571,42
300,4.296875,32
93,4.288659793814433,97
532,4.28,50
74,4.271186440677966,177
49,4.261904761904762,21
80,4.2604790419161676,167
224,4.2592592592592595,54
291,4.258064516129032,31
246,4.252450980392157,204
164,4.25,36
398,4.25,46
169,4.24907063197026,269
362,4.243119266055046,109
209,4.242857142857143,35
162,4.2368421052631575,38
494,4.2272727272727275,22
250,4.222222222222222,27
340,4.214285714285714,28
573,4.212374581939799,299
17,4.20952380952381,105
337,4.207792207792208,77
79,4.203125,64
227,4.202127659574468,94
460,4.201219512195122,82
258,4.2,25
595,4.2,20
252,4.197368421052632,38
97,4.194444444444445,36
364,4.190476190476191,21
526,4.189655172413793,58
505,4.17741935483871,31
119,4.176744186046512,215
267,4.175438596491228,57
296,4.166666666666667,27
465,4.156521739130435,115
491,4.15625,64
72,4.155555555555556,45
458,4.1525423728813555,59
547,4.142857142857143,21
37,4.142857142857143,21
290,4.142322097378277,267
29,4.1419753086419755,81
243,4.138888888888889,36
568,4.130434782608695,23
221,4.126888217522659,331
511,4.125,52
572,4.122580645161291,155
443,4.121621621621622,37
472,4.120689655172414,29
527,4.119760479041916,167
439,4.119047619047619,21
389,4.117647058823529,34
105,4.116343490304709,722
407,4.113636363636363,22
584,4.108433734939759,83
421,4.108108108108108,37
550,4.107142857142857,28
327,4.104166666666667,48
189,4.1,20
201,4.1,110
548,4.096153846153846,26
562,4.093073593073593,231
408,4.092198581560283,141
178,4.090909090909091,77
35,4.086956521739131,23
275,4.086848635235732,403
415,4.085106382978723,94
62,4.081967213114754,366
210,4.079710144927536,138
186,4.079646017699115,226
556,4.078125,32
90,4.074074074074074,54
166,4.073684210526316,190
339,4.070080862533692,371
376,4.06390977443609,133
537,4.0638297872340425,47
95,4.0625,168
410,4.059880239520958,167
343,4.059322033898305,59
498,4.057142857142857,35
176,4.055555555555555,36
61,4.051282051282051,39
192,4.045454545454546,22
206,4.04,25
88,4.035714285714286,56
123,4.035714285714286,56
282,4.033755274261603,237
48,4.03030303030303,33
65,4.029411764705882,34
239,4.026881720430108,279
582,4.026785714285714,56
589,4.025,40
152,4.023809523809524,63
356,4.02076124567474,289
66,4.0202898550724635,345
486,4.017857142857143,56
326,4.016447368421052,152
495,4.009433962264151,265
405,4.008333333333334,120
569,4.0,20
46,4.0,42
39,4.0,100
273,4.0,55
450,4.0,51
302,4.0,32
378,4.0,48
540,4.0,42
554,4.0,89
77,4.0,29
124,3.99,50
108,3.986842105263158,76
429,3.9827586206896552,58
254,3.9803149606299213,127
241,3.9802631578947367,76
137,3.978723404255319,141
597,3.9774266365688487,443
587,3.9757575757575756,165
579,3.9726027397260273,73
67,3.9722222222222223,36
236,3.966666666666667,30
220,3.963768115942029,207
578,3.962962962962963,27
285,3.9583333333333335,36
204,3.9578313253012047,83
357,3.9569190600522193,383
397,3.9565217391304346,23
574,3.9565217391304346,23
87,3.9523809523809526,21
366,3.9516129032258065,31
2,3.9482758620689653,29
100,3.945945945945946,148
256,3.9454022988505746,174
399,3.9444444444444446,36
453,3.942122186495177,311
92,3.9375,24
196,3.9375,32
466,3.9292035398230087,113
558,3.9285714285714284,56
86,3.9285714285714284,70
305,3.9246676514032495,677
594,3.9245689655172415,232
129,3.9214285714285713,140
31,3.92,50
240,3.9140625,128
98,3.9130434782608696,92
377,3.9122137404580153,131
107,3.911764705882353,34
190,3.909090909090909,66
375,3.909090909090909,33
215,3.9081632653061225,98
103,3.907161803713528,377
303,3.9056603773584904,53
211,3.904494382022472,89
345,3.903225806451613,62
58,3.9017857142857144,112
280,3.9005102040816326,196
440,3.893939393939394,33
412,3.892156862745098,102
513,3.890625,32
96,3.8846153846153846,78
355,3.8846153846153846,26
488,3.8828828828828827,111
520,3.881720430107527,186
45,3.8759398496240602,399
278,3.875,20
471,3.875,28
447,3.871794871794872,78
205,3.8703703703703702,27
304,3.8703703703703702,216
485,3.869565217391304,23
99,3.8679245283018866,53
492,3.8677685950413223,121
125,3.859722222222222,360
367,3.8594594594594596,185
261,3.858490566037736,53
445,3.857142857142857,77
197,3.857142857142857,35
402,3.8541666666666665,48
231,3.8541666666666665,24
557,3.8518518518518516,27
203,3.8444444444444446,45
393,3.841463414634146,123
409,3.8412698412698414,126
309,3.8398058252427183,103
390,3.8395061728395063,81
161,3.8333333333333335,39
499,3.8333333333333335,27
522,3.83,200
213,3.8273809523809526,84
172,3.826923076923077,26
183,3.824561403508772,57
420,3.8226950354609928,141
504,3.82183908045977,87
202,3.8188585607940446,403
118,3.8181818181818183,22
142,3.8157894736842106,38
484,3.8145454545454545,275
456,3.813953488372093,43
200,3.809880239520958,334
598,3.8095238095238093,21
444,3.8095238095238093,42
534,3.8048076923076923,520
56,3.8043478260869565,46
437,3.80327868852459,122
419,3.803225806451613,155
539,3.8026315789473686,38
193,3.8,35
341,3.798076923076923,52
451,3.7941176470588234,34
383,3.7941176470588234,34
33,3.7884615384615383,156
463,3.787878787878788,33
286,3.7877358490566038,106
607,3.786096256684492,187
179,3.782608695652174,69
11,3.78125,64
434,3.781115879828326,233
352,3.7806122448979593,294
512,3.78,50
530,3.7777777777777777,27
51,3.7757660167130918,359
187,3.7751937984496124,258
244,3.774193548387097,93
433,3.772727272727273,22
531,3.772727272727273,22
64,3.7688588007736943,517
344,3.7681159420289854,69
115,3.767857142857143,112
40,3.766990291262136,103
454,3.7666666666666666,45
403,3.764705882352941,34
260,3.7598684210526314,152
318,3.755972696245734,879
32,3.7549019607843137,102
464,3.753623188405797,138
247,3.7466666666666666,150
248,3.7450980392156863,51
295,3.7439024390243905,41
430,3.7413793103448274,58
191,3.7411764705882353,85
228,3.74,25
148,3.7395833333333335,48
229,3.7384615384615385,65
477,3.736666666666667,600
354,3.734513274336283,226
18,3.7320717131474104,502
317,3.7301587301587302,189
349,3.72972972972973,37
60,3.727272727272727,22
110,3.7254901960784315,51
16,3.7244897959183674,98
423,3.717391304347826,23
263,3.716666666666667,210
284,3.715909090909091,88
551,3.7154471544715446,123
391,3.715025906735751,386
73,3.711904761904762,210
312,3.708520179372197,223
85,3.7058823529411766,34
184,3.705223880597015,134
249,3.6964627151051626,1046
516,3.6923076923076925,26
156,3.692211055276382,398
330,3.6902834008097165,247
84,3.689419795221843,293
610,3.6885560675883258,1302
493,3.6885245901639343,61
346,3.682926829268293,164
238,3.6818181818181817,44
426,3.6818181818181817,88
476,3.681159420289855,69
335,3.6785714285714284,28
424,3.6739130434782608,138
380,3.6732348111658455,1218
469,3.6731182795698927,465
549,3.6666666666666665,21
351,3.6666666666666665,141
216,3.6646341463414633,164
606,3.6573991031390136,1115
174,3.656716417910448,67
565,3.6551724137931036,29
225,3.6533333333333333,75
299,3.652173913043478,23
24,3.65,110
23,3.6487603305785123,121
279,3.647727272727273,176
113,3.6466666666666665,150
235,3.646153846153846,65
432,3.646153846153846,260
13,3.6451612903225805,31
418,3.639784946236559,93
5,3.6363636363636362,44
374,3.6363636363636362,33
63,3.6309963099630997,271
135,3.630824372759857,279
272,3.629032258064516,31
144,3.62890625,128
331,3.6279761904761907,168
289,3.625,24
388,3.6206896551724137,29
269,3.6206896551724137,29
483,3.618818681318681,728
155,3.608695652173913,46
242,3.6,35
521,3.6,40
71,3.6,35
332,3.599250936329588,267
112,3.5923076923076924,65
20,3.590909090909091,242
212,3.590725806451613,248
592,3.5851063829787235,94
564,3.5796178343949046,157
150,3.576923076923077,26
8,3.574468085106383,47
134,3.5714285714285716,35
321,3.5714285714285716,56
277,3.5714285714285716,28
497,3.5686274509803924,51
560,3.567685589519651,458
42,3.565909090909091,440
577,3.5652173913043477,161
264,3.5625,56
180,3.5625,24
101,3.557377049180328,61
347,3.5555555555555554,45
4,3.5555555555555554,216
370,3.5483870967741935,93
27,3.5481481481481483,135
325,3.5444444444444443,270
151,3.542372881355932,59
381,3.542194092827004,474
525,3.542,500
175,3.5416666666666665,24
518,3.5416666666666665,24
566,3.5405405405405403,74
141,3.5386904761904763,168
165,3.5384615384615383,65
130,3.5357142857142856,28
425,3.5326797385620914,306
185,3.5319148936170213,47
310,3.53125,64
580,3.529816513761468,436
195,3.5294117647058822,187
401,3.5277777777777777,72
320,3.525,20
138,3.522727272727273,22
470,3.5125,80
182,3.5112589559877176,977
542,3.5088495575221237,113
382,3.508591065292096,291
603,3.5079533404029695,943
104,3.5073260073260073,273
234,3.504950495049505,202
266,3.5,180
140,3.4991776315789473,608
596,3.495133819951338,411
6,3.4936305732484074,314
198,3.491304347826087,230
353,3.488888888888889,90
604,3.48,100
173,3.48,25
226,3.4763313609467454,507
157,3.4761904761904763,21
194,3.475,20
89,3.472972972972973,518
528,3.4726027397260273,73
457,3.46,50
524,3.4580152671755724,131
455,3.456140350877193,57
555,3.4550173010380623,578
15,3.448148148148148,135
131,3.4420289855072466,69
167,3.439306358381503,173
546,3.4375,64
116,3.4367816091954024,87
114,3.435483870967742,31
313,3.4323529411764704,340
502,3.4285714285714284,35
158,3.423076923076923,26
359,3.418918918918919,74
473,3.418918918918919,37
334,3.418831168831169,154
34,3.4186046511627906,86
570,3.4162303664921465,191
496,3.413793103448276,29
322,3.411214953271028,107
120,3.409090909090909,22
467,3.409090909090909,22
462,3.4065934065934065,455
482,3.40625,128
385,3.4029850746268657,201
404,3.4,60
536,3.4,40
474,3.398956356736243,2108
14,3.3958333333333335,48
91,3.3956521739130436,575
199,3.3953168044077136,363
468,3.393939393939394,33
57,3.392857142857143,476
602,3.3925925925925924,135
414,3.391957005189029,2698
369,3.391472868217054,129
541,3.3908045977011496,87
379,3.388888888888889,36
82,3.381057268722467,227
507,3.380952380952381,21
177,3.375553097345133,904
147,3.375,20
561,3.372277227722772,505
545,3.369565217391304,23
218,3.3653846153846154,26
315,3.3636363636363638,33
237,3.36,50
360,3.36,25
102,3.357142857142857,56
372,3.3559322033898304,236
590,3.355769230769231,728
438,3.3551181102362206,635
44,3.3541666666666665,48
265,3.3496932515337425,163
145,3.347826086956522,23
503,3.3421052631578947,95
170,3.34,50
111,3.3397832817337463,646
117,3.3393939393939394,165
143,3.323943661971831,71
422,3.3225806451612905,93
479,3.320441988950276,181
301,3.3201754385964914,114
306,3.3169642857142856,112
136,3.315315315315315,111
283,3.3142857142857145,35
514,3.3110831234256928,397
83,3.309322033898305,118
208,3.3076923076923075,26
292,3.3015695067264574,446
563,3.300469483568075,213
233,3.3,150
363,3.3,30
583,3.294642857142857,56
121,3.293103448275862,58
126,3.289473684210526,38
449,3.289473684210526,38
559,3.2857142857142856,140
10,3.2785714285714285,140
591,3.2777777777777777,54
480,3.27511961722488,836
223,3.2733333333333334,75
159,3.2731958762886597,97
268,3.2713178294573644,129
609,3.27027027027027,37
593,3.266990291262136,103
506,3.261904761904762,42
9,3.260869565217391,46
21,3.260722347629797,443
411,3.2598425196850394,127
387,3.2585199610516065,1027
358,3.2560975609756095,41
41,3.2534562211981566,217
232,3.2505800464037122,862
406,3.25,20
588,3.25,56
350,3.25,40
500,3.244186046511628,86
26,3.238095238095238,21
274,3.235884101040119,1346
68,3.233730158730159,1260
75,3.2318840579710146,69
7,3.2302631578947367,152
328,3.2254901960784315,255
109,3.220472440944882,127
38,3.217948717948718,78
509,3.21627408993576,467
281,3.2142857142857144,21
446,3.2142857142857144,84
605,3.2104072398190047,221
529,3.2,25
392,3.2,25
501,3.2,45
270,3.2,40
257,3.2,20
373,3.19,100
271,3.186046511627907,43
361,3.1804123711340204,97
436,3.1792452830188678,106
323,3.173469387755102,98
575,3.1666666666666665,36
222,3.166,250
219,3.165719696969697,528
78,3.1639344262295084,61
490,3.15929203539823,113
288,3.1459715639810426,1055
487,3.142857142857143,56
324,3.142857142857143,21
396,3.142857142857143,28
146,3.140625,32
608,3.1341756919374246,831
259,3.1206896551724137,29
552,3.11968085106383,188
127,3.1136363636363638,22
262,3.1052631578947367,57
427,3.1011904761904763,84
576,3.1,20
384,3.085714285714286,70
76,3.0840336134453783,119
416,3.0686274509803924,51
47,3.0535714285714284,140
395,3.0491803278688523,61
314,3.046875,128
132,3.0389048991354466,347
94,3.0357142857142856,56
54,3.0303030303030303,33
28,3.020175438596491,570
489,3.017746913580247,648
163,3.0,23
316,3.0,53
133,3.0,35
600,2.991480996068152,763
394,2.9565217391304346,23
461,2.9444444444444446,27
181,2.940677966101695,118
342,2.9393939393939394,66
338,2.9358974358974357,39
510,2.9027777777777777,108
207,2.875,20
329,2.869565217391304,23
214,2.8636363636363638,22
230,2.8597122302158273,139
448,2.8473712446351933,1864
368,2.8422174840085286,469
55,2.84,25
478,2.8181818181818183,22
481,2.806451612903226,31
50,2.7806451612903227,310
81,2.769230769230769,26
217,2.761827079934747,613
365,2.7509025270758123,277
386,2.75,68
431,2.725,20
149,2.7241379310344827,58
245,2.7142857142857144,21
160,2.708237986270023,437
535,2.6666666666666665,30
307,2.6656410256410257,975
599,2.6420500403551253,2478
333,2.64,25
428,2.64,300
36,2.6333333333333333,60
287,2.6217105263157894,152
293,2.619047619047619,21
294,2.610983981693364,437
19,2.607396870554765,703
297,2.5972222222222223,72
571,2.5714285714285716,112
22,2.5714285714285716,119
255,2.5681818181818183,44
3,2.4358974358974357,39
308,2.4260869565217393,115
517,2.38625,400
298,2.363684771033014,939
311,2.3392857142857144,28
567,2.2454545454545456,385
153,2.217877094972067,179
508,2.1458333333333335,24
139,2.1443298969072164,194
442,1.275,20
